"","crunchy","creamy","sweet","chocolaty","healthful","calorie","rich","addiction","accessible","handy","wrapping","image","commercial"
"1",4.42983159582999,1.8588612670409,4.10501567398119,3.85736677115987,2.36407377706496,4.00320769847634,3.36842105263158,2.81397459165154,3.58355437665782,4.06896551724138,3.69217830109336,3.18364073777065,3.33510167992927
"2",1.79236977256053,3.38664710198092,4.58620689655172,3.31034482758621,1.64343360234776,4.3448275862069,3.4691259021652,2.97392767031119,4.21003134796238,3.96551724137931,4.09425287356322,3.42920029347029,2.84893267651888
"3",4.13793103448276,2.31034482758621,4.55172413793103,4.31034482758621,1.64250527797326,4.37931034482759,2.94386527666399,3.2,4.13573000733676,4.17241379310345,3.64343360234776,4.06896551724138,4.48275862068965
"4",3.93103448275862,4.44827586206897,4.6551724137931,3.62068965517241,1.58467432950192,4.27586206896552,3.35960591133005,3.76704980842912,3.98850574712644,4.03448275862069,3.91235632183908,3.27586206896552,2.82758620689655
"5",1.68965517241379,3.96551724137931,4.6551724137931,4.51724137931035,1.5301724137931,4.3448275862069,3.42528735632184,4.07126436781609,4.60014673514307,4.55172413793103,4.24137931034483,4.58620689655172,4.60161408657373
"6",4.58620689655172,2.03448275862069,4.41379310344828,4.27586206896552,1.54122938530735,4.24137931034483,3.16551724137931,3.04521072796935,4.07902298850575,3.93103448275862,3.43433602347762,3.68965517241379,3.82758620689655
"7",4.26704089815557,3.49959903769046,4.8025078369906,4.07538091419407,1.42319749216301,4.74294670846395,3.92838196286472,3.1551724137931,3.88965517241379,4,3.59655172413793,3.36669470142977,3.04244031830239
"8",1.55172413793103,4.44827586206897,4.82758620689655,3.72413793103448,1.46101949025487,4.58620689655172,3.72413793103448,2.82008995502249,4.25862068965517,4,3.39545121056493,4.00562983814215,3.93028485757121
"9",3.36494252873563,3.63577586206897,4.67065446868403,3.92959770114943,1.45210727969349,4.66235632183908,3.68275862068965,3.02507836990596,4.3928035982009,4.35344827586207,3.06309611151871,4.28923293455313,4.25337331334333
"10",4.10344827586207,3.27586206896552,4.62068965517241,3.72413793103448,1.46661775495231,4.58620689655172,3.54252873563218,3.12293853073463,4.33895818048423,4.20689655172414,3.57887013939839,3.75862068965517,4.002201027146
"11",4.51384274640089,1.9734219269103,3.96320346320346,3.87229437229437,2.16168327796235,4.21705426356589,3.4937343358396,3.06892230576441,3.35409035409035,3.9047619047619,3.03135888501742,3.13399778516058,2.96459096459096
"12",2.23606889564336,2.9726443768997,4.23214285714286,3.61309523809524,1.68186423505572,4.06944444444444,3.62569213732004,3.15214866434379,3.76406926406926,3.94630192502533,3.65820105820106,3.47112462006079,2.98185941043084
"13",3.85714285714286,2.80952380952381,4.38095238095238,4.23809523809524,1.61904761904762,4.14285714285714,3.29900332225914,3.35873015873016,3.76190476190476,3.90767735665695,3.42857142857143,4.04761904761905,4.20796890184645
"14",3.54960317460317,4.44995140913508,4.45578231292517,4.03790087463557,1.35661375661376,4.34791059280855,3.63718820861678,3.42222222222222,3.61904761904762,3.466472303207,3.47619047619048,3.66666666666667,3.23809523809524
"15",1.71428571428571,4.19047619047619,4.76190476190476,4.52380952380952,1.9047619047619,4.23809523809524,3.47089947089947,3.95449735449735,4.28571428571429,4.20991253644315,3.66666666666667,4.33333333333333,4.23302938196555
"16",4.47619047619048,2.33333333333333,4.14285714285714,3.95238095238095,1.59834368530021,4.33333333333333,3.40634920634921,3.30793650793651,4.23809523809524,3.65792031098154,3.66666666666667,4.33333333333333,3.99007936507937
"17",4.07419712070875,3.19601328903654,4.24458874458874,4.00664451827243,1.76839826839827,4.48917748917749,3.67155067155067,3.38095238095238,3.67619047619048,4,3.48571428571429,3.53890824622532,3.42979242979243
"18",2.0952380952381,4.14285714285714,4.66666666666667,4.04761904761905,1.45031055900621,4.52380952380952,3.58730158730159,2.98964803312629,4.23809523809524,4.34013605442177,3.61904761904762,4.38095238095238,4.04451345755694
"19",3.88492063492063,3.16369047619048,4.14285714285714,3.99801587301587,1.38095238095238,4.52380952380952,3.48571428571429,2.8030303030303,4.28571428571429,4.10714285714286,3.57142857142857,4.52380952380952,4.47826086956522
"20",4.19047619047619,3.47619047619048,4.42857142857143,3.80952380952381,1.57142857142857,4.33333333333333,3.62645502645503,3.50310559006211,4.19047619047619,3.81146744412051,3.61904761904762,4.23809523809524,4.14893617021277
